A = magic(5)

A(:,[5 1 3])

B = [1 2; 3 4]

A(4:5, 4:5) = B

X = [ 1 2 3]
Y = [ 4 5 6]

X*Y'